157
478
99
336
359
85
391
460
454
128
442
160
38
198
492
216
489
439
408
240
453
79
246
144
54
292
149
456
219
465
493
43
338
143
205
219
324
297
314
214
30
333
160
457
435
199
156
58
146
375
64
113
314
225
320
127
404
338
31
180
123
398
268
154
22
160
341
292
23
92
164
279
487
264
234
323
35
161
245
264
434
185
475
75
36
172
54
274
140
120
196
213
498
319
483
105
409
371
60
83
261
337
463
22
430
129
200
456
175
85
38
490
122
322
116
480
377
46
462
65
27
63
163
179
359
445
293
296
344
177
231
10
326
295
475
158
153
311
192
201
396
324
394
423
65
446
177
11
434
314
444
33
248
64
287
260
319
213
285
244
341
499
412
283
197
98
221
386
489
51
344
336
495
359
332
32
445
304
167
210
478
416
55
205
398
113
369
15
143
47
491
269
266
278
370
185
307
266
96
151
202
361
345
496
241
441
324
401
249
335
97
495
462
79
146
388
134
82
462
36
395
49
244
15
126
184
132
371
10
11
328
425
161
104
291
28
302
287
89
291
416
170
206
129
405
240
429
479
493
416
39
482
338
334
289
127
105
226
145
205
6
65
185
401
246
90
303
160
145
60
62
382
273
203
434
358
286
39
440
196
255
125
244
368
444
451
282
314
488
304
276
384
393
249
243
56
107
357
278
79
43
429
209
254
239
378
365
285
335
445
144
321
472
13
441
215
87
177
241
79
87
500
146
375
347
150
381
270
228
471
196
200
278
177
2
399
74
389
330
412
392
115
31
386
433
439
270
239
207
135
363
11
139
235
317
143
91
59
191
348
176
396
305
275
302
441
225
233
152
102
304
91
173
487
448
109
52
500
451
28
45
447
258
284
167
406
327
473
366
71
419
291
245
482
229
267
298
226
482
241
432
226
400
384
89
128
456
363
417
294
307
45
386
57
383
172
212
28
283
310
446
168
318
15
298
34
341
231
243
338
14
451
110
97
398
401
448
36
193
282
200
464
54
198
293
100
218
474
170
413
316
137
489
355
395
455
443
223
160
251
372
114
103
226
218
98
366
417
424
378
12
369
300
151
133
162
81
184
473
338
63
188
193
73
91
106
367
135
102
389
55
340
67
214
207
280
341
154
107
36
